/workspace/data/africa_v0.3/train/Angola/33LWL4117.nc
[0 0 0 0 0 0 0 0 0 0 0 0 0 0 0 0 0 0 0 0 0 0 0 0 0 0 0 0 0 0 0 0 0 0 0 0 0
 0 0 0 0 0 0 0 0 0 0 0 0 0 0 0 0 0 0 0 0 0 0 0 0 0 0 0 0 0 0 0 0 0 0 0 0 0
 0 0 0 0 0 1 2 3 4 0 1 2]
[  4   9  14  19  24  29  34  39  44  49  54  59  64  69  74  79  84  89
  94  99 104 109 114 119 124 129 134 139 144 149 154 159 164 169 174 179
 184 189 194 199 204 209 214 219 224 229 234 239 244 249 254 259 264 269
 274 279 284 289 294 299 304 309 314 339 349 354 359 364 369 379 384 389
 394 399 404 409 414 419 424 425 426 427 428 429 430 431]
/workspace/data/africa_v0.3/train/Malawi/36LWL0753.nc
[0 0 0 0 0 0 0 0 0 0 0 0 0 0 0 0 0 0 0 0 0 0 0 0 0 0 0 0 0 0 0 0 0 0 0 0 0
 0 0 0 0 0 0 0 0 0 0 0 0 0 0 0 0 0 0 0 0 0 0 0 0 0 0 0 0 0 0 0 0 0 0 0 0 0
 0 0 0 0 0 0 0 0 0 0 2 3 0]
[  4   9  14  19  24  29  34  39  44  49  54  59  64  69  74  79  84  89
  94  99 104 109 114 119 124 129 134 139 144 149 154 159 164 169 174 179
 184 189 194 199 204 209 214 219 224 229 234 239 244 249 254 259 264 269
 274 279 284 289 294 299 304 309 314 319 324 329 354 359 364 369 374 379
 384 389 394 399 404 409 414 419 424 429 434 439 441 442 444]
/workspace/data/africa_v0.3/train/Libya/33SVR6944.nc
[0 0 0 0 0 0 0 0 0 0 0 0 0 0 0 0 0 0 0 0 0 0 0 0 0 0 0 0 0 0 0 0 0 0 0 0 0
 0 0 0 0 0 0 0 0 0 0 0 0 0 0 0 0 0 0 0 0 0 0 0 0 0 0 0 0 0 0 0 0 0 0 0 0 0
 0 0 4 0 1 3 0 1 3 4]
[  4   9  14  24  29  34  39  44  49  54  59  64  69  74  79  84  89  94
  99 104 109 114 119 124 129 134 139 144 149 154 159 164 169 174 179 184
 189 194 199 209 214 219 224 229 234 239 244 249 254 259 264 269 274 279
 284 289 294 299 304 309 339 349 354 359 364 369 374 379 384 389 394 399
 404 409 414 419 423 424 425 427 429 430 432 433]
/workspace/data/africa_v0.3/train/Libya/34SEB3262.nc
[0 0 0 0 0 0 0 0 0 0 0 0 0 0 0 0 0 0 0 0 0 0 0 0 0 0 0 0 0 0 0 0 0 0 0 0 0
 0 0 0 0 0 0 0 0 0 0 0 0 0 0 0 0 0 0 0 0 0 0 0 0 0 0 0 0 0 0 0 0 0 0 0 0 0
 0 0 0 0 0 0 4 0 2 4]
[  4   9  14  19  24  29  34  39  44  49  54  59  64  69  74  79  84  89
  94  99 104 109 114 119 124 129 134 139 144 149 154 159 164 169 174 179
 184 189 194 199 204 209 214 219 224 229 234 239 244 249 254 264 269 274
 279 284 289 294 299 304 309 314 319 324 354 359 364 369 374 379 384 389
 394 399 404 409 414 419 424 434 438 439 441 443]
/workspace/data/africa_v0.3/train/Somalia/39PUL7029.nc
[0 0 0 0 0 0 0 0 0 0 0 0 0 0 0 0 0 0 0 0 0 0 0 0 0 0 0 0 0 0 0 0 0 0 0 0 0
 0 0 0 0 0 0 0 0 0 0 0 0 0 0 0 0 0 0 0 0 0 0 0 0 0 0 0 0 0 0 0 0 0 0 0 0 0
 0 0 0 0 0 0 0 0 2 3]
[  4   9  14  19  24  29  34  39  44  49  54  59  64  69  74  79  84  89
  94  99 104 114 119 124 129 134 139 144 154 159 164 169 174 179 184 189
 194 199 204 209 214 219 224 229 234 239 244 249 254 259 264 269 274 279
 284 289 294 299 304 309 314 319 324 329 334 364 369 374 379 384 389 394
 399 404 409 414 419 424 429 434 439 444 446 447]
/workspace/data/africa_v0.3/train/SouthAfrica/35JNF1050.nc
[0 0 0 0 0 0 0 0 0 0 0 0 0 0 0 0 0 0 0 0 0 0 0 0 0 0 0 0 0 0 0 0 0 0 0 0 0
 0 0 0 0 0 0 0 0 0 0 0 0 0 0 0 0 0 0 0 0 0 0 0 0 0 0 0 0 0 0 0 0 0 0 0 0 0
 0 0 0 0 3 4 1 2 3]
[  4   9  14  19  24  29  34  39  44  49  54  59  64  69  74  79  84  89
  94  99 104 109 114 119 124 129 134 139 144 149 154 159 164 169 174 179
 184 189 194 199 204 209 214 219 224 229 234 239 244 249 254 259 264 269
 274 279 284 289 294 299 304 309 314 319 349 354 359 369 374 379 384 389
 399 409 414 419 424 429 432 433 435 436 437]
/workspace/data/africa_v0.3/train/Kenya/37NBC4769.nc
[0 0 0 0 0 0 0 0 0 0 0 0 0 0 0 0 0 0 0 0 0 0 0 0 0 0 0 0 0 0 0 0 0 0 0 0 0
 0 0 0 0 0 0 0 0 0 0 0 0 0 0 0 0 0 0 0 0 0 0 0 0 0 0 0 0 0 0 0 0 0 0 0 0 0
 0 0 0 0 0 0 0 0 1 2 3 4]
[  4   9  14  19  24  29  34  44  49  54  59  64  69  74  79  84  89  94
  99 104 109 114 119 124 129 134 139 144 149 154 159 164 169 174 179 184
 189 194 199 204 209 214 219 224 229 234 239 244 249 254 259 264 269 274
 279 284 289 294 299 304 309 314 319 324 354 359 364 369 374 379 384 389
 394 399 404 409 414 419 424 429 434 439 440 441 442 443]
/workspace/data/africa_v0.3/train/Kenya/37MEU0927.nc
[0 0 0 0 0 0 0 0 0 0 0 0 0 0 0 0 0 0 0 0 0 0 0 0 0 0 0 0 0 0 0 0 0 0 0 0 0
 0 0 0 0 0 0 0 0 0 0 0 0 0 0 0 0 0 0 0 0 0 0 0 0 0 0 0 0 0 0 0 0 0 0 0 0 0
 0 0 0 0 0 0 0 0 3 4 1]
[  4   9  14  19  24  29  34  39  44  49  54  59  64  69  74  79  84  89
  94  99 104 109 114 119 124 129 134 139 144 149 154 159 164 169 174 179
 184 189 194 199 204 209 214 219 224 229 234 239 244 249 254 259 264 269
 274 279 284 289 294 299 304 309 314 319 324 329 359 364 369 374 379 384
 389 394 399 404 409 414 419 424 429 439 442 443 445]
